4,23;26,29
25,22;49,7
47,26;28,29
28,5;61,22
40,28;22,4
5,25;37,22
25,14;4,9
25,9;22,19
10,5;55,1
43,14;1,8
37,4;23,19
13,2;1,9
57,7;49,17
59,26;15,19
16,3;49,5
13,10;43,20
47,25;49,23
57,28;55,23
31,16;36,27
30,1;9,28
8,1;4,2
58,2;21,29
61,15;24,13
31,4;1,29
39,25;3,29
56,26;13,5
18,19;46,19
29,27;52,15
52,18;1,28
39,13;33,1
24,27;28,27
37,13;58,4
22,10;46,6
7,13;59,29
52,10;28,17
29,29;19,3
53,1;49,19
22,18;1,18
28,1;38,27
56,7;34,9
37,10;55,2
7,12;12,25
19,21;50,7
36,29;40,6
43,6;40,16
28,15;15,25
27,1;40,20
28,2;36,26
1,26;43,19
11,7;37,27
34,18;8,13
37,15;16,17
43,8;45,13
29,28;4,4
32,7;9,19
32,19;50,27
43,11;13,21
30,13;52,25
46,8;13,26
46,15;15,7
17,26;5,26
23,7;4,13
4,21;49,20
16,26;34,29
37,12;15,1
58,25;42,29
24,19;41,13
36,13;34,13
38,13;40,11
44,25;55,6
3,13;35,28
10,20;37,2
58,21;16,15
25,3;40,1
29,13;13,15
49,12;48,13
10,17;54,28
1,6;13,17
27,7;19,7
58,12;15,27
52,13;25,12
19,13;42,25
2,25;61,27
22,26;53,26
31,3;52,26
26,7;16,13
54,1;13,28
23,29;52,2
13,1;21,27
61,23;55,27
55,10;61,4
40,4;58,27
31,27;60,13
42,27;53,28
43,18;25,8
34,15;14,26
55,7;6,25
25,16;22,20
55,18;51,25
46,2;7,27