61,19;27,25
29,1;55,1
4,22;4,19
43,23;40,18
18,25;22,16
13,1;45,28
43,4;16,8
59,25;12,25
60,7;25,28
43,18;10,19
46,14;2,27
49,16;6,7
49,28;1,1
34,17;61,16
19,2;55,26
51,25;1,4
49,18;37,4
49,2;52,2
31,10;40,27
43,27;4,10
1,18;47,25
7,23;38,27
8,25;38,19
26,25;16,24
11,13;61,15
49,13;34,6
8,19;6,28
39,26;24,29
52,12;16,23
39,7;40,6
20,29;10,24
42,1;10,29
39,27;19,1
31,24;19,6
19,7;13,5
4,11;21,27
19,28;3,29
22,18;7,1
1,22;55,4
55,3;26,26
35,27;7,5
49,24;7,11
16,11;31,5
40,24;18,19
40,11;40,2
61,10;19,26
23,7;12,26
24,28;29,25
28,12;43,25
2,28;59,26
25,16;28,4
52,17;32,1
48,29;34,13
50,19;58,9
35,7;46,7
58,19;1,15
6,26;16,4
41,1;31,17
13,6;10,1
1,8;48,1
29,13;29,19
7,25;56,28
52,22;37,7
22,13;49,17
54,29;1,7
22,29;32,7
7,24;56,26
48,25;19,11
57,27;48,13
4,16;22,8
2,7;52,5
20,13;32,26
49,1;16,7
17,25;61,3
16,1;31,27
5,27;28,11
29,29;25,17
58,12;53,25
27,27;23,13
40,7;16,9
34,11;49,4
24,7;16,19
29,28;58,6
24,13;9,7
15,28;43,5
51,29;56,13
25,20;61,14
61,25;58,22
46,8;13,11
46,4;25,22
37,15;33,7
37,6;21,29
52,25;55,15
7,21;32,25
36,26;34,26
37,13;50,7
8,13;16,13
48,19;2,1
42,29;59,27
31,6;19,19
16,28;19,3
3,7;43,24
24,27;43,2
5,29;16,27
13,4;31,16
12,13;49,23
11,19;7,3
49,11;3,1
19,9;1,10
37,26;34,21
26,29;34,22
26,7;22,23
16,15;40,21
28,24;36,19
59,7;10,26
48,27;13,23
57,29;13,20
22,11;28,29
31,18;45,19
18,29;55,21
46,2;58,23
56,29;30,29
43,10;10,11
52,28;55,24
53,7;1,17
55,12;25,12
41,27;31,28
10,8;36,29
53,28;57,7
15,29;55,10
28,21;52,7
27,7;51,26
43,11;58,25
32,29;32,13
4,3;21,13
7,16;52,1
22,2;34,3
15,7;39,19
9,28;21,25
8,1;34,23
60,19;37,17
25,1;21,1
20,28;56,7
53,13;18,7
22,27;12,29
25,6;31,29
32,27;4,1
38,28;49,25
37,29;3,26
10,5;34,25
43,22;19,13
61,28;49,8
7,12;10,14
13,17;55,19
54,13;50,28
19,14;60,13
28,20;4,24
4,8;40,16
50,25;43,14
14,13;16,17
57,28;22,21
30,1;8,27
19,18;43,13
49,29;28,23
25,3;22,19
43,1;50,1
5,7;25,21
13,10;12,1
31,11;46,20
28,10;13,29
2,29;1,14
14,19;53,29
28,28;48,28
15,25;24,1
61,1;59,13
58,18;37,12
53,1;40,26
46,5;17,28
57,25;16,12
47,19;35,26
1,25;31,23
54,25;19,12
31,4;25,27
60,25;16,16
40,12;10,20
45,26;52,4
16,29;11,26
22,22;40,1
58,15;40,3
46,12;11,28
27,13;59,28
26,13;17,7
49,15;23,26
61,29;49,9
8,29;43,21
3,27;1,28
14,7;40,23
50,27;55,5
55,7;52,27
52,6;35,28